y <-
c(-0.499167196052248, 1.58855535846008, 5.20875635248143, -2090.34174240531, 
-1.37324013504083, 1.14034116475487, 0.407733130468594, 0.752008020512406, 
12.3541747045725, 1.57202963960652, 1.12948304561805, 2.19333635513352, 
30.4261410508849, -0.880959463140529, 1.12941517173666, -21.2124739144682, 
-26.5661510792784, -24.3261914902227, 2.00761346304176, 1.58911955515441, 
90.8961183856918, -6.24497621258103, -10.2388441265337, 1.63287533336307, 
0.790781925782021, -65.9607559030193, -3.6395326046822, 2.94283143212932, 
-1.20183243781988, -2.1252080640935, -5.30709737325331, -3.75806608288799, 
-0.367847564879126, -4.29973674219579, -1.00848777478183, 0.610684822625113, 
1.19873609784788, 1.07060477121158, 0.783794408209433, 1.42996668520454, 
1.5539415329506, -8.75109262736303, 1.03212425009903, 10.1565270722491, 
10.6975727992053, -3.89021223101189, 1.27720877699405, -9.29088155036392, 
0.676770900646183, -4.72015840941128, 1.01900199649521, -0.102024991154122, 
1.83554772860832, 1.49058130792618, 3.07684760674814, 1.28347451632276, 
74.8791986303193, 1.89059644128693, 2.08558650890412, -1.81927625885019, 
-4.08594489628953, 0.369344657888184, 2.46560072542177, 83.1344520585094, 
1.01813187683621, 0.312482810652163, 1.37962060910647, 1.4536884378112, 
-8.48947516496014, 1.27513591177491, -24.5361721826922, -2160.36429456871, 
0.518328406504254, 1.11638350126953, 1.12062976573218, -11.9236057401881, 
2.55969496806532, -24.2697207319811, -0.3426853919546, 0.943158739787913, 
0.445507376981923, -1.20401178087016, 3.96685669112508, 0.389938608585903, 
-21.507631319895, 0.915842548505122, 1.04157671297563, -4.26544997104911, 
15.9581459593358, -1.14638740803979, -0.128542926282866, 0.300637521657275, 
-4.78026421797331, 1.17165147575172, 2.50305993241237, 1.25897436143765, 
0.364469969806287, 0.663760976582144, 0.787501396522463, -0.871515325782615
)
